              x            V_x       T_tunnel         y_drop         T_drop         N_drop
    0.00000E+00    0.10000E+01    0.26563E+03    0.00000E+00    0.28300E+03     1
    0.54011E-02    0.40594E+02    0.26559E+03   -0.17836E-06    0.28054E+03     1
    0.10802E-01    0.47251E+02    0.26558E+03   -0.41805E-06    0.27931E+03     1
    0.16203E-01    0.51107E+02    0.26557E+03   -0.70306E-06    0.27830E+03     1
    0.21604E-01    0.53712E+02    0.26557E+03   -0.10288E-05    0.27742E+03     1
    0.27005E-01    0.55622E+02    0.26556E+03   -0.13930E-05    0.27663E+03     1
    0.32406E-01    0.57140E+02    0.26553E+03   -0.17936E-05    0.27591E+03     1
    0.37808E-01    0.58432E+02    0.26549E+03   -0.22282E-05    0.27525E+03     1
    0.43209E-01    0.59562E+02    0.26546E+03   -0.26942E-05    0.27464E+03     1
    0.48610E-01    0.60572E+02    0.26542E+03   -0.31895E-05    0.27408E+03     1
    0.54011E-01    0.61492E+02    0.26538E+03   -0.37122E-05    0.27356E+03     1
    0.59412E-01    0.62357E+02    0.26532E+03   -0.42603E-05    0.27307E+03     1
    0.64813E-01    0.63195E+02    0.26526E+03   -0.48311E-05    0.27261E+03     1
    0.70214E-01    0.64013E+02    0.26520E+03   -0.54223E-05    0.27217E+03     1
    0.75615E-01    0.64818E+02    0.26514E+03   -0.60314E-05    0.27177E+03     1
    0.81016E-01    0.65613E+02    0.26508E+03   -0.66562E-05    0.27138E+03     1
    0.86417E-01    0.66414E+02    0.26500E+03   -0.72944E-05    0.27102E+03     1
    0.91818E-01    0.67233E+02    0.26491E+03   -0.79436E-05    0.27068E+03     1
    0.97219E-01    0.68071E+02    0.26483E+03   -0.86010E-05    0.27035E+03     1
    0.10262E+00    0.68930E+02    0.26474E+03   -0.92645E-05    0.27004E+03     1
    0.10802E+00    0.69809E+02    0.26464E+03   -0.99319E-05    0.26975E+03     1
    0.11342E+00    0.70717E+02    0.26454E+03   -0.10601E-04    0.26946E+03     1
    0.11882E+00    0.71659E+02    0.26443E+03   -0.11270E-04    0.26919E+03     1
    0.12422E+00    0.72635E+02    0.26431E+03   -0.11937E-04    0.26893E+03     1
    0.12963E+00    0.73646E+02    0.26419E+03   -0.12600E-04    0.26868E+03     1
    0.13503E+00    0.74693E+02    0.26406E+03   -0.13258E-04    0.26844E+03     1
    0.14043E+00    0.75777E+02    0.26393E+03   -0.13908E-04    0.26820E+03     1
    0.14583E+00    0.76902E+02    0.26379E+03   -0.14551E-04    0.26798E+03     1
    0.15123E+00    0.78068E+02    0.26363E+03   -0.15184E-04    0.26775E+03     1
    0.15663E+00    0.79277E+02    0.26348E+03   -0.15807E-04    0.26754E+03     1
    0.16203E+00    0.80530E+02    0.26331E+03   -0.16419E-04    0.26733E+03     1
    0.16743E+00    0.81824E+02    0.26314E+03   -0.17019E-04    0.26712E+03     1
    0.17283E+00    0.83158E+02    0.26295E+03   -0.17606E-04    0.26692E+03     1
    0.17824E+00    0.84535E+02    0.26276E+03   -0.18181E-04    0.26672E+03     1
    0.18364E+00    0.85957E+02    0.26256E+03   -0.18742E-04    0.26652E+03     1
    0.18904E+00    0.87427E+02    0.26234E+03   -0.19290E-04    0.26632E+03     1
    0.19444E+00    0.88938E+02    0.26213E+03   -0.19824E-04    0.26613E+03     1
    0.19984E+00    0.90483E+02    0.26191E+03   -0.20344E-04    0.26593E+03     1
    0.20524E+00    0.92067E+02    0.26167E+03   -0.20850E-04    0.26574E+03     1
    0.21064E+00    0.93696E+02    0.26142E+03   -0.21343E-04    0.26554E+03     1
    0.21604E+00    0.95372E+02    0.26115E+03   -0.21822E-04    0.26535E+03     1
    0.22144E+00    0.97087E+02    0.26089E+03   -0.22288E-04    0.26515E+03     1
    0.22685E+00    0.98833E+02    0.26062E+03   -0.22741E-04    0.26495E+03     1
    0.23225E+00    0.10061E+03    0.26033E+03   -0.23181E-04    0.26475E+03     1
    0.23765E+00    0.10244E+03    0.26002E+03   -0.23608E-04    0.26455E+03     1
    0.24305E+00    0.10431E+03    0.25970E+03   -0.24022E-04    0.26435E+03     1
    0.24845E+00    0.10622E+03    0.25940E+03   -0.24425E-04    0.26414E+03     1
    0.25385E+00    0.10814E+03    0.25908E+03   -0.24816E-04    0.26393E+03     1
    0.25925E+00    0.11009E+03    0.25874E+03   -0.25195E-04    0.26372E+03     1
    0.26465E+00    0.11207E+03    0.25838E+03   -0.25564E-04    0.26351E+03     1
    0.27005E+00    0.11410E+03    0.25801E+03   -0.25922E-04    0.26329E+03     1
    0.27546E+00    0.11614E+03    0.25767E+03   -0.26269E-04    0.26307E+03     1
    0.28086E+00    0.11819E+03    0.25731E+03   -0.26607E-04    0.26285E+03     1
    0.28626E+00    0.12025E+03    0.25693E+03   -0.26935E-04    0.26262E+03     1
    0.29166E+00    0.12233E+03    0.25654E+03   -0.27255E-04    0.26239E+03     1
    0.29706E+00    0.12444E+03    0.25612E+03   -0.27566E-04    0.26215E+03     1
    0.30246E+00    0.12656E+03    0.25575E+03   -0.27868E-04    0.26191E+03     1
    0.30786E+00    0.12867E+03    0.25537E+03   -0.28163E-04    0.26167E+03     1
    0.31326E+00    0.13078E+03    0.25497E+03   -0.28450E-04    0.26143E+03     1
    0.31866E+00    0.13290E+03    0.25455E+03   -0.28730E-04    0.26118E+03     1
    0.32406E+00    0.13503E+03    0.25411E+03   -0.29003E-04    0.26092E+03     1
    0.32947E+00    0.13716E+03    0.25374E+03   -0.29270E-04    0.26067E+03     1
    0.33487E+00    0.13925E+03    0.25336E+03   -0.29530E-04    0.26041E+03     1
    0.34027E+00    0.14133E+03    0.25296E+03   -0.29785E-04    0.26015E+03     1
    0.34567E+00    0.14339E+03    0.25255E+03   -0.30034E-04    0.25989E+03     1
    0.35107E+00    0.14546E+03    0.25212E+03   -0.30279E-04    0.25963E+03     1
    0.35647E+00    0.14750E+03    0.25178E+03   -0.30518E-04    0.25936E+03     1
    0.36187E+00    0.14949E+03    0.25142E+03   -0.30753E-04    0.25909E+03     1
    0.36727E+00    0.15145E+03    0.25105E+03   -0.30984E-04    0.25883E+03     1
    0.37267E+00    0.15338E+03    0.25067E+03   -0.31211E-04    0.25856E+03     1
    0.37808E+00    0.15530E+03    0.25028E+03   -0.31434E-04    0.25829E+03     1
    0.38348E+00    0.15718E+03    0.24998E+03   -0.31654E-04    0.25802E+03     1
    0.38888E+00    0.15900E+03    0.24968E+03   -0.31871E-04    0.25775E+03     1
    0.39428E+00    0.16077E+03    0.24937E+03   -0.32084E-04    0.25749E+03     1
    0.39968E+00    0.16250E+03    0.24905E+03   -0.32296E-04    0.25722E+03     1
    0.40508E+00    0.16420E+03    0.24873E+03   -0.32504E-04    0.25696E+03     1
    0.41048E+00    0.16585E+03    0.24851E+03   -0.32711E-04    0.25669E+03     1
    0.41588E+00    0.16743E+03    0.24828E+03   -0.32916E-04    0.25644E+03     1
    0.42128E+00    0.16895E+03    0.24805E+03   -0.33119E-04    0.25618E+03     1
    0.42669E+00    0.17043E+03    0.24782E+03   -0.33321E-04    0.25593E+03     1
    0.43209E+00    0.17186E+03    0.24758E+03   -0.33521E-04    0.25568E+03     1
    0.43749E+00    0.17323E+03    0.24744E+03   -0.33720E-04    0.25543E+03     1
    0.44289E+00    0.17454E+03    0.24729E+03   -0.33919E-04    0.25519E+03     1
    0.44829E+00    0.17579E+03    0.24714E+03   -0.34117E-04    0.25495E+03     1
    0.45369E+00    0.17698E+03    0.24699E+03   -0.34314E-04    0.25472E+03     1
    0.45909E+00    0.17813E+03    0.24684E+03   -0.34511E-04    0.25449E+03     1
    0.46449E+00    0.17923E+03    0.24676E+03   -0.34708E-04    0.25426E+03     1
    0.46989E+00    0.18027E+03    0.24668E+03   -0.34905E-04    0.25404E+03     1
    0.47530E+00    0.18126E+03    0.24659E+03   -0.35103E-04    0.25383E+03     1
    0.48070E+00    0.18220E+03    0.24650E+03   -0.35300E-04    0.25362E+03     1
    0.48610E+00    0.18310E+03    0.24642E+03   -0.35499E-04    0.25342E+03     1
    0.49150E+00    0.18395E+03    0.24639E+03   -0.35698E-04    0.25322E+03     1
    0.49690E+00    0.18475E+03    0.24637E+03   -0.35898E-04    0.25302E+03     1
    0.50230E+00    0.18551E+03    0.24634E+03   -0.36098E-04    0.25284E+03     1
    0.50770E+00    0.18622E+03    0.24631E+03   -0.36300E-04    0.25265E+03     1
    0.51310E+00    0.18690E+03    0.24629E+03   -0.36504E-04    0.25248E+03     1
    0.51850E+00    0.18754E+03    0.24629E+03   -0.36708E-04    0.25231E+03     1
    0.52390E+00    0.18814E+03    0.24629E+03   -0.36915E-04    0.25214E+03     1
    0.52931E+00    0.18870E+03    0.24629E+03   -0.37122E-04    0.25198E+03     1
    0.53471E+00    0.18924E+03    0.24629E+03   -0.37332E-04    0.25182E+03     1
    0.00000E+00    0.10000E+01    0.26557E+03    0.00000E+00    0.28300E+03     2
    0.54011E-02    0.28385E+02    0.26557E+03   -0.43873E-06    0.28175E+03     2
    0.10802E-01    0.35321E+02    0.26556E+03   -0.96982E-06    0.28115E+03     2
    0.16203E-01    0.39636E+02    0.26556E+03   -0.15622E-05    0.28065E+03     2
    0.21604E-01    0.42727E+02    0.26556E+03   -0.22078E-05    0.28021E+03     2
    0.27005E-01    0.45104E+02    0.26556E+03   -0.29023E-05    0.27981E+03     2
    0.32406E-01    0.47048E+02    0.26553E+03   -0.36425E-05    0.27944E+03     2
    0.37808E-01    0.48719E+02    0.26549E+03   -0.44247E-05    0.27909E+03     2
    0.43209E-01    0.50187E+02    0.26546E+03   -0.52456E-05    0.27875E+03     2
    0.48610E-01    0.51499E+02    0.26542E+03   -0.61025E-05    0.27843E+03     2
    0.54011E-01    0.52690E+02    0.26538E+03   -0.69932E-05    0.27813E+03     2
    0.59412E-01    0.53795E+02    0.26532E+03   -0.79153E-05    0.27784E+03     2
    0.64813E-01    0.54841E+02    0.26526E+03   -0.88663E-05    0.27755E+03     2
    0.70214E-01    0.55840E+02    0.26520E+03   -0.98436E-05    0.27728E+03     2
    0.75615E-01    0.56799E+02    0.26514E+03   -0.10845E-04    0.27701E+03     2
    0.81016E-01    0.57728E+02    0.26508E+03   -0.11868E-04    0.27675E+03     2
    0.86417E-01    0.58638E+02    0.26500E+03   -0.12910E-04    0.27650E+03     2
    0.91818E-01    0.59542E+02    0.26491E+03   -0.13969E-04    0.27626E+03     2
    0.97219E-01    0.60443E+02    0.26483E+03   -0.15043E-04    0.27602E+03     2
    0.10262E+00    0.61344E+02    0.26474E+03   -0.16129E-04    0.27578E+03     2
    0.10802E+00    0.62247E+02    0.26464E+03   -0.17225E-04    0.27556E+03     2
    0.11342E+00    0.63159E+02    0.26454E+03   -0.18328E-04    0.27533E+03     2
    0.11882E+00    0.64085E+02    0.26443E+03   -0.19437E-04    0.27511E+03     2
    0.12422E+00    0.65026E+02    0.26431E+03   -0.20550E-04    0.27490E+03     2
    0.12963E+00    0.65986E+02    0.26419E+03   -0.21663E-04    0.27468E+03     2
    0.13503E+00    0.66965E+02    0.26406E+03   -0.22776E-04    0.27448E+03     2
    0.14043E+00    0.67966E+02    0.26393E+03   -0.23886E-04    0.27427E+03     2
    0.14583E+00    0.68992E+02    0.26379E+03   -0.24992E-04    0.27407E+03     2
    0.15123E+00    0.70045E+02    0.26363E+03   -0.26092E-04    0.27387E+03     2
    0.15663E+00    0.71126E+02    0.26348E+03   -0.27183E-04    0.27367E+03     2
    0.16203E+00    0.72238E+02    0.26331E+03   -0.28266E-04    0.27348E+03     2
    0.16743E+00    0.73380E+02    0.26314E+03   -0.29337E-04    0.27329E+03     2
    0.17283E+00    0.74552E+02    0.26295E+03   -0.30397E-04    0.27310E+03     2
    0.17824E+00    0.75756E+02    0.26276E+03   -0.31444E-04    0.27291E+03     2
    0.18364E+00    0.76994E+02    0.26256E+03   -0.32476E-04    0.27272E+03     2
    0.18904E+00    0.78269E+02    0.26234E+03   -0.33494E-04    0.27254E+03     2
    0.19444E+00    0.79577E+02    0.26213E+03   -0.34495E-04    0.27235E+03     2
    0.19984E+00    0.80916E+02    0.26191E+03   -0.35480E-04    0.27217E+03     2
    0.20524E+00    0.82287E+02    0.26167E+03   -0.36448E-04    0.27199E+03     2
    0.21064E+00    0.83695E+02    0.26142E+03   -0.37398E-04    0.27180E+03     2
    0.21604E+00    0.85141E+02    0.26115E+03   -0.38330E-04    0.27162E+03     2
    0.22144E+00    0.86622E+02    0.26089E+03   -0.39244E-04    0.27144E+03     2
    0.22685E+00    0.88131E+02    0.26062E+03   -0.40139E-04    0.27126E+03     2
    0.23225E+00    0.89674E+02    0.26033E+03   -0.41016E-04    0.27108E+03     2
    0.23765E+00    0.91253E+02    0.26002E+03   -0.41874E-04    0.27090E+03     2
    0.24305E+00    0.92872E+02    0.25970E+03   -0.42713E-04    0.27072E+03     2
    0.24845E+00    0.94522E+02    0.25940E+03   -0.43533E-04    0.27054E+03     2
    0.25385E+00    0.96194E+02    0.25908E+03   -0.44335E-04    0.27036E+03     2
    0.25925E+00    0.97892E+02    0.25874E+03   -0.45118E-04    0.27018E+03     2
    0.26465E+00    0.99620E+02    0.25838E+03   -0.45883E-04    0.26999E+03     2
    0.27005E+00    0.10138E+03    0.25801E+03   -0.46630E-04    0.26981E+03     2
    0.27546E+00    0.10317E+03    0.25767E+03   -0.47360E-04    0.26963E+03     2
    0.28086E+00    0.10497E+03    0.25731E+03   -0.48073E-04    0.26944E+03     2
    0.28626E+00    0.10679E+03    0.25693E+03   -0.48768E-04    0.26926E+03     2
    0.29166E+00    0.10862E+03    0.25654E+03   -0.49448E-04    0.26907E+03     2
    0.29706E+00    0.11049E+03    0.25612E+03   -0.50112E-04    0.26888E+03     2
    0.30246E+00    0.11236E+03    0.25575E+03   -0.50760E-04    0.26870E+03     2
    0.30786E+00    0.11424E+03    0.25537E+03   -0.51393E-04    0.26851E+03     2
    0.31326E+00    0.11613E+03    0.25497E+03   -0.52011E-04    0.26832E+03     2
    0.31866E+00    0.11802E+03    0.25455E+03   -0.52616E-04    0.26813E+03     2
    0.32406E+00    0.11994E+03    0.25411E+03   -0.53206E-04    0.26793E+03     2
    0.32947E+00    0.12185E+03    0.25374E+03   -0.53784E-04    0.26774E+03     2
    0.33487E+00    0.12375E+03    0.25336E+03   -0.54349E-04    0.26755E+03     2
    0.34027E+00    0.12564E+03    0.25296E+03   -0.54902E-04    0.26735E+03     2
    0.34567E+00    0.12752E+03    0.25255E+03   -0.55444E-04    0.26716E+03     2
    0.35107E+00    0.12941E+03    0.25212E+03   -0.55975E-04    0.26696E+03     2
    0.35647E+00    0.13128E+03    0.25178E+03   -0.56495E-04    0.26677E+03     2
    0.36187E+00    0.13313E+03    0.25142E+03   -0.57004E-04    0.26657E+03     2
    0.36727E+00    0.13495E+03    0.25105E+03   -0.57505E-04    0.26637E+03     2
    0.37267E+00    0.13676E+03    0.25067E+03   -0.57996E-04    0.26618E+03     2
    0.37808E+00    0.13856E+03    0.25028E+03   -0.58479E-04    0.26598E+03     2
    0.38348E+00    0.14033E+03    0.24998E+03   -0.58953E-04    0.26578E+03     2
    0.38888E+00    0.14206E+03    0.24968E+03   -0.59419E-04    0.26558E+03     2
    0.39428E+00    0.14376E+03    0.24937E+03   -0.59878E-04    0.26539E+03     2
    0.39968E+00    0.14542E+03    0.24905E+03   -0.60331E-04    0.26519E+03     2
    0.40508E+00    0.14707E+03    0.24873E+03   -0.60776E-04    0.26500E+03     2
    0.41048E+00    0.14867E+03    0.24851E+03   -0.61216E-04    0.26480E+03     2
    0.41588E+00    0.15023E+03    0.24828E+03   -0.61650E-04    0.26461E+03     2
    0.42128E+00    0.15174E+03    0.24805E+03   -0.62079E-04    0.26442E+03     2
    0.42669E+00    0.15322E+03    0.24782E+03   -0.62503E-04    0.26422E+03     2
    0.43209E+00    0.15466E+03    0.24758E+03   -0.62922E-04    0.26403E+03     2
    0.43749E+00    0.15605E+03    0.24744E+03   -0.63337E-04    0.26385E+03     2
    0.44289E+00    0.15740E+03    0.24729E+03   -0.63748E-04    0.26366E+03     2
    0.44829E+00    0.15870E+03    0.24714E+03   -0.64156E-04    0.26347E+03     2
    0.45369E+00    0.15995E+03    0.24699E+03   -0.64560E-04    0.26329E+03     2
    0.45909E+00    0.16117E+03    0.24684E+03   -0.64962E-04    0.26311E+03     2
    0.46449E+00    0.16234E+03    0.24676E+03   -0.65361E-04    0.26293E+03     2
    0.46989E+00    0.16347E+03    0.24668E+03   -0.65758E-04    0.26275E+03     2
    0.47530E+00    0.16455E+03    0.24659E+03   -0.66153E-04    0.26258E+03     2
    0.48070E+00    0.16560E+03    0.24650E+03   -0.66546E-04    0.26240E+03     2
    0.48610E+00    0.16660E+03    0.24642E+03   -0.66937E-04    0.26223E+03     2
    0.49150E+00    0.16757E+03    0.24639E+03   -0.67328E-04    0.26206E+03     2
    0.49690E+00    0.16849E+03    0.24637E+03   -0.67717E-04    0.26189E+03     2
    0.50230E+00    0.16938E+03    0.24634E+03   -0.68106E-04    0.26173E+03     2
    0.50770E+00    0.17022E+03    0.24631E+03   -0.68494E-04    0.26156E+03     2
    0.51310E+00    0.17104E+03    0.24629E+03   -0.68881E-04    0.26140E+03     2
    0.51850E+00    0.17181E+03    0.24629E+03   -0.69269E-04    0.26124E+03     2
    0.52390E+00    0.17256E+03    0.24629E+03   -0.69656E-04    0.26109E+03     2
    0.52931E+00    0.17327E+03    0.24629E+03   -0.70044E-04    0.26093E+03     2
    0.53471E+00    0.17395E+03    0.24629E+03   -0.70432E-04    0.26078E+03     2
